0 0.4453125 0.3640625 0.44375 0.3625 0.4421875 0.3609375 0.4421875 0.359375 0.440625 0.3578125 0.440625 0.35625 0.440625 0.3546875 0.440625 0.353125 0.4390625 0.3515625 0.440625 0.35 0.4421875 0.3484375 0.44375 0.35 0.4453125 0.35 0.446875 0.35 0.4484375 0.3515625 0.4484375 0.353125 0.446875 0.3546875 0.446875 0.35625 0.446875 0.3578125 0.446875 0.359375 0.446875 0.3609375 0.446875 0.3625 0.4453125 0.3640625                                                                                                                      
0 0.4484375 0.3765625 0.446875 0.375 0.446875 0.3734375 0.446875 0.371875 0.4484375 0.3703125 0.45 0.371875 0.45 0.3734375 0.45 0.375 0.4484375 0.3765625                                                                                                                                                  
0 0.3921875 0.384375 0.390625 0.3828125 0.390625 0.38125 0.3921875 0.3796875 0.39375 0.38125 0.39375 0.3828125 0.3921875 0.384375                                                                                                                                                      
0 0.45625 0.3890625 0.4546875 0.3875 0.4546875 0.3859375 0.45625 0.384375 0.4578125 0.3859375 0.4578125 0.3875 0.45625 0.3890625                                                                                                                                                      
0 0.5890625 0.390625 0.5875 0.3890625 0.5875 0.3875 0.5890625 0.3859375 0.590625 0.3875 0.590625 0.3890625 0.5890625 0.390625                                                                                                                                                      
0 0.4734375 0.5859375 0.471875 0.584375 0.471875 0.5828125 0.4703125 0.58125 0.46875 0.5828125 0.4671875 0.58125 0.4671875 0.5796875 0.4671875 0.578125 0.465625 0.5765625 0.465625 0.575 0.4671875 0.5734375 0.4671875 0.571875 0.4671875 0.5703125 0.4671875 0.56875 0.46875 0.5671875 0.46875 0.565625 0.4703125 0.5640625 0.4703125 0.5625 0.4703125 0.5609375 0.471875 0.559375 0.471875 0.5578125 0.471875 0.55625 0.4734375 0.5546875 0.4734375 0.553125 0.4734375 0.5515625 0.4734375 0.55 0.475 0.5484375 0.475 0.546875 0.4765625 0.5453125 0.4765625 0.54375 0.4765625 0.5421875 0.4765625 0.540625 0.478125 0.5390625 0.478125 0.5375 0.4796875 0.5359375 0.4796875 0.534375 0.4796875 0.5328125 0.48125 0.53125 0.48125 0.5296875 0.4828125 0.528125 0.484375 0.5296875 0.4859375 0.5296875 0.4875 0.5296875 0.4890625 0.5296875 0.490625 0.528125 0.4921875 0.5296875 0.490625 0.53125 0.490625 0.5328125 0.490625 0.534375 0.490625 0.5359375 0.490625 0.5375 0.4890625 0.5390625 0.4890625 0.540625 0.4890625 0.5421875 0.4875 0.54375 0.4875 0.5453125 0.4875 0.546875 0.4859375 0.5484375 0.4859375 0.55 0.4859375 0.5515625 0.4859375 0.553125 0.484375 0.5546875 0.484375 0.55625 0.484375 0.5578125 0.4828125 0.559375 0.4828125 0.5609375 0.4828125 0.5625 0.48125 0.5640625 0.48125 0.565625 0.48125 0.5671875 0.48125 0.56875 0.48125 0.5703125 0.4796875 0.571875 0.4796875 0.5734375 0.4796875 0.575 0.478125 0.5765625 0.478125 0.578125 0.4765625 0.5796875 0.4765625 0.58125 0.475 0.5828125 0.475 0.584375 0.4734375 0.5859375
0 0.490625 0.53125 0.4890625 0.5296875 0.490625 0.53125                                                                                                                                                              
0 0.6296875 0.5390625 0.628125 0.5375 0.628125 0.5359375 0.6296875 0.534375 0.63125 0.5359375 0.63125 0.5375 0.6296875 0.5390625                                                                                                                                                      
0 0.5515625 0.6171875 0.55 0.615625 0.55 0.6140625 0.5515625 0.6125 0.553125 0.6140625 0.553125 0.615625 0.5515625 0.6171875                                                                                                                                                      
0 0.55625 0.6359375 0.5546875 0.634375 0.5546875 0.6328125 0.5546875 0.63125 0.5546875 0.6296875 0.5546875 0.628125 0.55625 0.6265625 0.5578125 0.628125 0.5578125 0.6296875 0.5578125 0.63125 0.5578125 0.6328125 0.5578125 0.634375 0.55625 0.6359375                                                                                                                                          
