0 0.365625 0.4375 0.3640625 0.4375 0.3625 0.4375 0.3609375 0.4359375 0.3609375 0.434375 0.3609375 0.4328125 0.3625 0.43125 0.3640625 0.43125 0.365625 0.43125 0.3671875 0.4328125 0.3671875 0.434375 0.3671875 0.4359375 0.365625 0.4375                            
0 0.6390625 0.4609375 0.6375 0.4609375 0.6359375 0.4609375 0.634375 0.4609375 0.6328125 0.4609375 0.63125 0.459375 0.63125 0.4578125 0.63125 0.45625 0.6328125 0.4546875 0.634375 0.4546875 0.6359375 0.4546875 0.6375 0.4546875 0.6390625 0.4546875 0.640625 0.45625 0.640625 0.4578125 0.640625 0.459375 0.6390625 0.4609375                    
0 0.578125 0.471875 0.5765625 0.471875 0.575 0.471875 0.5734375 0.471875 0.571875 0.4703125 0.5703125 0.471875 0.56875 0.471875 0.5671875 0.471875 0.565625 0.4703125 0.565625 0.46875 0.565625 0.4671875 0.5671875 0.465625 0.56875 0.465625 0.5703125 0.465625 0.571875 0.4671875 0.5734375 0.465625 0.575 0.465625 0.5765625 0.465625 0.578125 0.465625 0.5796875 0.4671875 0.5796875 0.46875 0.5796875 0.4703125 0.578125 0.471875        
0 0.571875 0.4671875 0.571875 0.46875 0.571875 0.4671875                                                
0 0.5265625 0.4765625 0.525 0.4765625 0.5234375 0.4765625 0.521875 0.475 0.521875 0.4734375 0.521875 0.471875 0.5234375 0.4703125 0.525 0.4703125 0.5265625 0.46875 0.528125 0.46875 0.5296875 0.46875 0.53125 0.4703125 0.53125 0.471875 0.53125 0.4734375 0.5296875 0.475 0.528125 0.475 0.5265625 0.4765625                    
0 0.571875 0.46875 0.571875 0.4703125 0.571875 0.46875                                                
0 0.378125 0.5796875 0.3765625 0.5796875 0.375 0.578125 0.375 0.5765625 0.3734375 0.575 0.371875 0.575 0.3703125 0.5734375 0.3703125 0.571875 0.36875 0.571875 0.3671875 0.5703125 0.36875 0.56875 0.36875 0.5671875 0.3703125 0.565625 0.371875 0.565625 0.3734375 0.5640625 0.375 0.5640625 0.3765625 0.5640625 0.378125 0.565625 0.378125 0.5671875 0.378125 0.56875 0.378125 0.5703125 0.378125 0.571875 0.378125 0.5734375 0.3796875 0.575 0.3796875 0.5765625 0.3796875 0.578125 0.378125 0.5796875
0 0.6078125 0.58125 0.60625 0.58125 0.6046875 0.58125 0.603125 0.5796875 0.6015625 0.578125 0.6015625 0.5765625 0.6015625 0.575 0.6 0.5734375 0.6 0.571875 0.6 0.5703125 0.5984375 0.56875 0.5984375 0.5671875 0.5984375 0.565625 0.6 0.5640625 0.6015625 0.5640625 0.603125 0.565625 0.6046875 0.5671875 0.6046875 0.56875 0.6046875 0.5703125 0.60625 0.571875 0.60625 0.5734375 0.6078125 0.575 0.609375 0.5765625 0.609375 0.578125 0.609375 0.5796875 0.6078125 0.58125  
0 0.5453125 0.5796875 0.54375 0.5796875 0.5421875 0.5796875 0.540625 0.578125 0.540625 0.5765625 0.540625 0.575 0.5421875 0.5734375 0.54375 0.5734375 0.5453125 0.5734375 0.546875 0.575 0.546875 0.5765625 0.546875 0.578125 0.5453125 0.5796875                            
0 0.521875 0.59375 0.5203125 0.59375 0.51875 0.59375 0.5171875 0.5921875 0.5171875 0.590625 0.5171875 0.5890625 0.51875 0.5875 0.5203125 0.5875 0.521875 0.5875 0.5234375 0.5890625 0.5234375 0.590625 0.5234375 0.5921875 0.521875 0.59375                            
