0 0.3640625 0.55625 0.3625 0.55625 0.3609375 0.55625 0.359375 0.55625 0.3578125 0.55625 0.35625 0.5546875 0.35625 0.553125 0.35625 0.5515625 0.3546875 0.55 0.3546875 0.5484375 0.3546875 0.546875 0.3546875 0.5453125 0.3546875 0.54375 0.3546875 0.5421875 0.3546875 0.540625 0.3546875 0.5390625 0.3546875 0.5375 0.35625 0.5359375 0.35625 0.534375 0.35625 0.5328125 0.3578125 0.53125 0.359375 0.53125 0.3609375 0.53125 0.3625 0.53125 0.3640625 0.53125 0.365625 0.5328125 0.365625 0.534375 0.365625 0.5359375 0.3671875 0.5375 0.3671875 0.5390625 0.3671875 0.540625 0.3671875 0.5421875 0.3671875 0.54375 0.3671875 0.5453125 0.3671875 0.546875 0.3671875 0.5484375 0.3671875 0.55 0.365625 0.5515625 0.365625 0.553125 0.365625 0.5546875 0.3640625 0.55625                        
0 0.5796875 0.559375 0.578125 0.559375 0.5765625 0.559375 0.575 0.559375 0.5734375 0.559375 0.571875 0.5578125 0.571875 0.55625 0.5703125 0.5546875 0.5703125 0.553125 0.5703125 0.5515625 0.5703125 0.55 0.5703125 0.5484375 0.5703125 0.546875 0.5703125 0.5453125 0.5703125 0.54375 0.5703125 0.5421875 0.5703125 0.540625 0.571875 0.5390625 0.571875 0.5375 0.5734375 0.5359375 0.575 0.5359375 0.5765625 0.5359375 0.578125 0.5359375 0.5796875 0.5359375 0.58125 0.5375 0.58125 0.5390625 0.5828125 0.540625 0.5828125 0.5421875 0.5828125 0.54375 0.5828125 0.5453125 0.5828125 0.546875 0.5828125 0.5484375 0.5828125 0.55 0.5828125 0.5515625 0.5828125 0.553125 0.5828125 0.5546875 0.58125 0.55625 0.58125 0.5578125 0.5796875 0.559375                            
0 0.3921875 0.5859375 0.390625 0.5859375 0.3890625 0.5859375 0.3875 0.5859375 0.3859375 0.5859375 0.384375 0.584375 0.3828125 0.5859375 0.38125 0.5859375 0.3796875 0.5859375 0.378125 0.5859375 0.3765625 0.5859375 0.375 0.584375 0.375 0.5828125 0.375 0.58125 0.3734375 0.5796875 0.3734375 0.578125 0.3734375 0.5765625 0.3734375 0.575 0.3734375 0.5734375 0.3734375 0.571875 0.3734375 0.5703125 0.3734375 0.56875 0.3734375 0.5671875 0.375 0.565625 0.375 0.5640625 0.375 0.5625 0.3765625 0.5609375 0.378125 0.5609375 0.3796875 0.5609375 0.38125 0.5609375 0.3828125 0.5609375 0.384375 0.5625 0.3859375 0.5609375 0.3875 0.5609375 0.3890625 0.5609375 0.390625 0.5609375 0.3921875 0.5609375 0.39375 0.5625 0.39375 0.5640625 0.39375 0.565625 0.3953125 0.5671875 0.3953125 0.56875 0.3953125 0.5703125 0.3953125 0.571875 0.3953125 0.5734375 0.3953125 0.575 0.3953125 0.5765625 0.3953125 0.578125 0.3953125 0.5796875 0.39375 0.58125 0.39375 0.5828125 0.39375 0.584375 0.3921875 0.5859375
0 0.384375 0.5625 0.384375 0.5640625 0.384375 0.5625                                                                                                    
0 0.384375 0.5640625 0.384375 0.565625 0.384375 0.5640625                                                                                                    
0 0.415625 0.596875 0.4140625 0.596875 0.4125 0.596875 0.4109375 0.596875 0.409375 0.596875 0.4078125 0.5953125 0.4078125 0.59375 0.4078125 0.5921875 0.40625 0.5921875 0.4046875 0.5921875 0.403125 0.590625 0.403125 0.5890625 0.4015625 0.5875 0.4015625 0.5859375 0.4015625 0.584375 0.4015625 0.5828125 0.4015625 0.58125 0.4015625 0.5796875 0.4015625 0.578125 0.4015625 0.5765625 0.4015625 0.575 0.403125 0.5734375 0.403125 0.571875 0.403125 0.5703125 0.4046875 0.56875 0.40625 0.56875 0.4078125 0.56875 0.409375 0.56875 0.4109375 0.56875 0.4125 0.5703125 0.4125 0.571875 0.4125 0.5734375 0.4140625 0.5734375 0.415625 0.5734375 0.4171875 0.575 0.4171875 0.5765625 0.41875 0.578125 0.41875 0.5796875 0.41875 0.58125 0.41875 0.5828125 0.41875 0.584375 0.41875 0.5859375 0.41875 0.5875 0.41875 0.5890625 0.41875 0.590625 0.4171875 0.5921875 0.4171875 0.59375 0.4171875 0.5953125 0.415625 0.596875        
0 0.5625 0.596875 0.5609375 0.596875 0.559375 0.596875 0.5578125 0.596875 0.55625 0.596875 0.5546875 0.5953125 0.5546875 0.59375 0.5546875 0.5921875 0.553125 0.590625 0.553125 0.5890625 0.553125 0.5875 0.553125 0.5859375 0.553125 0.584375 0.553125 0.5828125 0.553125 0.58125 0.553125 0.5796875 0.553125 0.578125 0.5546875 0.5765625 0.5546875 0.575 0.55625 0.5734375 0.5578125 0.5734375 0.559375 0.5734375 0.5609375 0.5734375 0.5625 0.5734375 0.5640625 0.575 0.5640625 0.5765625 0.565625 0.578125 0.565625 0.5796875 0.565625 0.58125 0.565625 0.5828125 0.565625 0.584375 0.565625 0.5859375 0.565625 0.5875 0.565625 0.5890625 0.565625 0.590625 0.5640625 0.5921875 0.5640625 0.59375 0.5640625 0.5953125 0.5625 0.596875                            
0 0.384375 0.58125 0.384375 0.5828125 0.384375 0.58125                                                                                                    
0 0.384375 0.5828125 0.384375 0.584375 0.384375 0.5828125                                                                                                    
0 0.55625 0.6578125 0.5546875 0.6578125 0.553125 0.6578125 0.5515625 0.6578125 0.55 0.6578125 0.5484375 0.6578125 0.546875 0.6578125 0.5453125 0.65625 0.5453125 0.6546875 0.5453125 0.653125 0.5453125 0.6515625 0.5453125 0.65 0.5453125 0.6484375 0.546875 0.646875 0.546875 0.6453125 0.5484375 0.64375 0.55 0.64375 0.5515625 0.64375 0.553125 0.64375 0.5546875 0.64375 0.55625 0.6453125 0.55625 0.646875 0.5578125 0.6484375 0.5578125 0.65 0.5578125 0.6515625 0.5578125 0.653125 0.5578125 0.6546875 0.5578125 0.65625 0.55625 0.6578125                                                
