0 0.4609375 0.375 0.459375 0.375 0.4578125 0.375 0.45625 0.3734375 0.4546875 0.3734375 0.453125 0.3734375 0.4515625 0.3734375 0.45 0.371875 0.45 0.3703125 0.4484375 0.36875 0.4484375 0.3671875 0.4484375 0.365625 0.45 0.3640625 0.45 0.3625 0.4515625 0.3609375 0.453125 0.3609375 0.4546875 0.3609375 0.45625 0.3609375 0.4578125 0.359375 0.459375 0.359375 0.4609375 0.359375 0.4625 0.3609375 0.4640625 0.3609375 0.465625 0.3609375 0.4671875 0.3625 0.4671875 0.3640625 0.46875 0.365625 0.46875 0.3671875 0.46875 0.36875 0.4671875 0.3703125 0.4671875 0.371875 0.465625 0.3734375 0.4640625 0.3734375 0.4625 0.3734375 0.4609375 0.375                                                                                                                                                              
0 0.371875 0.390625 0.3703125 0.390625 0.36875 0.390625 0.3671875 0.3890625 0.365625 0.3890625 0.3640625 0.3890625 0.3625 0.3890625 0.3609375 0.3875 0.3609375 0.3859375 0.359375 0.384375 0.359375 0.3828125 0.359375 0.38125 0.3609375 0.3796875 0.3609375 0.378125 0.3625 0.3765625 0.3640625 0.3765625 0.365625 0.3765625 0.3671875 0.3765625 0.36875 0.375 0.3703125 0.375 0.371875 0.375 0.3734375 0.3765625 0.375 0.3765625 0.3765625 0.3765625 0.378125 0.378125 0.378125 0.3796875 0.3796875 0.38125 0.3796875 0.3828125 0.3796875 0.384375 0.378125 0.3859375 0.378125 0.3875 0.3765625 0.3890625 0.375 0.3890625 0.3734375 0.3890625 0.371875 0.390625                                                                                                                                                              
0 0.503125 0.4953125 0.5015625 0.49375 0.503125 0.4921875 0.503125 0.490625 0.5046875 0.4890625 0.50625 0.4890625 0.5078125 0.4875 0.509375 0.4859375 0.5109375 0.4859375 0.5125 0.484375 0.5140625 0.484375 0.515625 0.4828125 0.5171875 0.48125 0.51875 0.48125 0.5203125 0.4796875 0.521875 0.478125 0.5234375 0.478125 0.5234375 0.4765625 0.525 0.475 0.525 0.4734375 0.525 0.471875 0.5234375 0.4703125 0.5234375 0.46875 0.525 0.4671875 0.5265625 0.465625 0.528125 0.465625 0.5296875 0.465625 0.53125 0.4640625 0.5328125 0.4640625 0.534375 0.4625 0.534375 0.4609375 0.5359375 0.459375 0.5375 0.459375 0.5359375 0.459375 0.534375 0.4578125 0.534375 0.45625 0.5328125 0.4546875 0.534375 0.453125 0.5359375 0.453125 0.5375 0.453125 0.5390625 0.453125 0.540625 0.4546875 0.5421875 0.4546875 0.54375 0.4546875 0.5453125 0.4546875 0.546875 0.4546875 0.5453125 0.453125 0.5453125 0.4515625 0.54375 0.4515625 0.5421875 0.45 0.5421875 0.4484375 0.5421875 0.446875 0.54375 0.4453125 0.5453125 0.4453125 0.5453125 0.44375 0.546875 0.4421875 0.5484375 0.4421875 0.55 0.4421875 0.5515625 0.440625 0.553125 0.440625 0.5546875 0.440625 0.55625 0.4421875 0.5578125 0.4421875 0.559375 0.4421875 0.5609375 0.44375 0.5609375 0.4453125 0.5625 0.446875 0.5625 0.4484375 0.5625 0.45 0.5609375 0.4515625 0.5609375 0.453125 0.559375 0.4546875 0.5578125 0.4546875 0.55625 0.4546875 0.5546875 0.45625 0.553125 0.45625 0.5546875 0.45625 0.55625 0.4578125 0.5546875 0.459375 0.553125 0.459375 0.5515625 0.4609375 0.55 0.4625 0.5484375 0.4625 0.546875 0.4640625 0.546875 0.465625 0.5453125 0.4671875 0.54375 0.4671875 0.5421875 0.46875 0.540625 0.46875 0.5390625 0.4703125 0.5375 0.471875 0.5359375 0.471875 0.534375 0.4734375 0.5328125 0.475 0.53125 0.475 0.5296875 0.4765625 0.528125 0.478125 0.5265625 0.478125 0.525 0.4796875 0.5234375 0.48125 0.521875 0.48125 0.5203125 0.4828125 0.51875 0.484375 0.5171875 0.484375 0.515625 0.4859375 0.5140625 0.4875 0.5125 0.4875 0.5109375 0.4890625 0.509375 0.4890625 0.509375 0.490625 0.5078125 0.4921875 0.50625 0.49375 0.5046875 0.49375 0.503125 0.4953125
0 0.525 0.4796875 0.5234375 0.478125 0.525 0.4796875                                                                                                                                                                                                                              
0 0.521875 0.48125 0.5203125 0.4796875 0.521875 0.48125                                                                                                                                                                                                                              
0 0.5203125 0.4828125 0.51875 0.48125 0.5203125 0.4828125                                                                                                                                                                                                                              
0 0.5171875 0.484375 0.515625 0.4828125 0.5171875 0.484375                                                                                                                                                                                                                              
0 0.515625 0.4859375 0.5140625 0.484375 0.515625 0.4859375                                                                                                                                                                                                                              
0 0.5125 0.4875 0.5109375 0.4859375 0.5125 0.4875                                                                                                                                                                                                                              
0 0.509375 0.4890625 0.5078125 0.4875 0.509375 0.4890625                                                                                                                                                                                                                              
0 0.5046875 0.49375 0.503125 0.4921875 0.5046875 0.49375                                                                                                                                                                                                                              
